1 AC_80 Juan Perez 4.2 3.5 4.7 3.2 4.6 3.9 4.1 3.8 4.3 3.7 4.6 3.9 4.1 3.8 4.3 3.7 4.2 3.5 4.7 3.2 3.9 4.6 3.2 4.7 3.5 4.2 3.7 4.3 3.8 4.1
2 AC_80 Maria Rodriguez 3.8 4.1 3.9 4.6 3.2 4.7 3.5 4.2 3.7 4.3 4.2 3.5 4.7 3.2 4.6 3.9 4.1 3.8 4.3 3.7 4.6 3.9 4.1 3.8 4.3 3.7 4.2 3.5 4.7 3.2
3 AC_80 Carlos Garcia 4.1 3.8 4.3 3.7 4.2 3.5 4.7 3.2 4.6 3.9 3.8 4.1 3.9 4.6 3.2 4.7 3.5 4.2 3.7 4.3 4.2 3.5 4.7 3.2 4.6 3.9 4.1 3.8 4.3 3.7
4 AC_80 Ana Lopez 3.9 4.6 3.2 4.7 3.5 4.2 3.7 4.3 3.8 4.1 4.1 3.8 4.3 3.7 4.2 3.5 4.7 3.2 4.6 3.9 3.8 4.1 3.9 4.6 3.2 4.7 3.5 4.2 3.7 4.3
5 AC_80 Pedro Martinez 4.6 3.9 4.1 3.8 4.3 3.7 4.2 3.5 4.7 3.2 3.9 4.6 3.2 4.7 3.5 4.2 3.7 4.3 3.8 4.1 4.1 3.8 4.3 3.7 4.2 3.5 4.7 3.2 4.6 3.9
6 BD_82 Luis Gomez 3.1 4.4 2.8 3.7 4.9 1.5 3.3 4.2 3.5 2.1 4.6 3.8 2.9 3.7 4.3 3.0 4.1 2.8 3.6 4.5 4.3 2.2 4.7 3.3 2.0 4.1 4.0 3.9 4.2 3.1
7 BD_82 Ana Sanchez 4.0 3.3 4.1 2.8 4.6 3.7 4.9 3.2 4.1 2.9 3.8 4.0 3.2 4.3 3.6 4.7 3.5 4.4 3.1 2.7 4.2 3.8 3.0 4.5 2.6 4.0 3.7 2.9 4.1 3.3
8 BD_82 Pedro Ramirez 3.9 4.2 3.7 4.4 3.6 2.7 4.5 3.0 4.1 3.8 2.9 4.6 3.3 2.0 4.7 3.1 4.2 2.8 3.4 3.7 4.0 2.6 4.3 3.5 2.1 4.0 4.1 3.9 3.6 4.5
9 BD_82 Sofia Torres 4.5 3.8 2.9 4.1 4.2 3.0 4.6 3.7 2.8 4.5 3.4 2.1 4.0 3.9 3.2 4.1 2.7 4.3 3.6 4.0 2.9 4.4 3.3 2.8 4.6 3.7 3.1 2.9 4.2 3.5
10 BD_82 Carlos Diaz 3.2 4.5 3.9 2.7 4.4 3.6 2.8 4.1 3.3 2.0 4.7 3.5 3.1 4.2 3.8 4.0 2.9 4.3 3.7 2.6 4.0 3.4 2.1 4.6 3.2 3.9 4.1 2.8 4.5 3.6
11 CG_81 Marta Garcia 4.0 3.7 4.1 3.4 4.2 2.6 4.5 3.0 4.3 2.9 3.8 4.0 3.2 4.1 3.6 4.3 3.5 4.4 3.1 2.8 4.2 3.9 3.0 4.6 2.7 4.0 3.7 2.9 4.1 3.4
12 CG_81 Juan Martinez 4.5 3.8 2.9 4.1 4.2 3.0 4.6 3.7 2.8 4.5 3.4 2.1 4.0 3.9 3.2 4.1 2.7 4.3 3.6 4.0 2.9 4.4 3.3 2.8 4.6 3.7 3.1 2.9 4.2 3.5
13 CG_81 Lucia Lopez 3.9 4.2 3.7 4.4 3.6 2.7 4.5 3.0 4.1 3.8 2.9 4.6 3.3 2.0 4.7 3.1 4.2 2.8 3.4 3.7 4.0 2.6 4.3 3.5 2.1 4.0 4.1 3.9 3.6 4.5
14 CG_81 Jose Gomez 3.1 4.4 2.8 3.7 4.9 1.5 3.3 4.2 3.5 2.1 4.6 3.8 2.9 3.7 4.3 3.0 4.1 2.8 3.6 4.5 4.3 2.2 4.7 3.3 2.0 4.1 4.0 3.9 4.2 3.1
15 CG_81 Elena Sanchez 4.0 3.3 4.1 2.8 4.6 3.7 4.9 3.2 4.1 2.9 3.8 4.0 3.2 4.3 3.6 4.7 3.5 4.4 3.1 2.7 4.2 3.8 3.0 4.5 2.6 4.0 3.7 2.9 4.1 3.3
16 DS_80 Pedro Ramirez 3.9 4.2 3.7 4.4 3.6 2.7 4.5 3.0 4.1 3.8 2.9 4.6 3.3 2.0 4.7 3.1 4.2 2.8 3.4 3.7 4.0 2.6 4.3 3.5 2.1 4.0 4.1 3.9 3.6 4.5
17 DS_80 Sofia Torres 4.5 3.8 2.9 4.1 4.2 3.0 4.6 3.7 2.8 4.5 3.4 2.1 4.0 3.9 3.2 4.1 2.7 4.3 3.6 4.0 2.9 4.4 3.3 2.8 4.6 3.7 3.1 2.9 4.2 3.5
18 DS_80 Carlos Diaz 3.2 4.5 3.9 2.7 4.4 3.6 2.8 4.1 3.3 2.0 4.7 3.5 3.1 4.2 3.8 4.0 2.9 4.3 3.7 2.6 4.0 3.4 2.1 4.6 3.2 3.9 4.1 2.8 4.5 3.6
19 DS_80 Marta Garcia 4.0 3.7 4.1 3.4 4.2 2.6 4.5 3.0 4.3 2.9 3.8 4.0 3.2 4.1 3.6 4.3 3.5 4.4 3.1 2.8 4.2 3.9 3.0 4.6 2.7 4.0 3.7 2.9 4.1 3.4
20 DS_80 Juan Martinez 4.5 3.8 2.9 4.1 4.2 3.0 4.6 3.7 2.8 4.5 3.4 2.1 4.0 3.9 3.2 4.1 2.7 4.3 3.6 4.0 2.9 4.4 3.3 2.8 4.6 3.7 3.1 2.9 4.2 3.5
21 ED_81 Lucia Lopez 3.9 4.2 3.7 4.4 3.6 2.7 4.5 3.0 4.1 3.8 2.9 4.6 3.3 2.0 4.7 3.1 4.2 2.8 3.4 3.7 4.0 2.6 4.3 3.5 2.1 4.0 4.1 3.9 3.6 4.5
22 ED_81 Jose Gomez 3.1 4.4 2.8 3.7 4.9 1.5 3.3 4.2 3.5 2.1 4.6 3.8 2.9 3.7 4.3 3.0 4.1 2.8 3.6 4.5 4.3 2.2 4.7 3.3 2.0 4.1 4.0 3.9 4.2 3.1
23 ED_81 Elena Sanchez 4.0 3.3 4.1 2.8 4.6 3.7 4.9 3.2 4.1 2.9 3.8 4.0 3.2 4.3 3.6 4.7 3.5 4.4 3.1 2.7 4.2 3.8 3.0 4.5 2.6 4.0 3.7 2.9 4.1 3.3
24 ED_81 Pedro Ramirez 3.9 4.2 3.7 4.4 3.6 2.7 4.5 3.0 4.1 3.8 2.9 4.6 3.3 2.0 4.7 3.1 4.2 2.8 3.4 3.7 4.0 2.6 4.3 3.5 2.1 4.0 4.1 3.9 3.6 4.5
25 ED_81 Sofia Torres 4.5 3.8 2.9 4.1 4.2 3.0 4.6 3.7 2.8 4.5 3.4 2.1 4.0 3.9 3.2 4.1 2.7 4.3 3.6 4.0 2.9 4.4 3.3 2.8 4.6 3.7 3.1 2.9 4.2 3.5
26 IA_80 Carlos Diaz 3.2 4.5 3.9 2.7 4.4 3.6 2.8 4.1 3.3 2.0 4.7 3.5 3.1 4.2 3.8 4.0 2.9 4.3 3.7 2.6 4.0 3.4 2.1 4.6 3.2 3.9 4.1 2.8 4.5 3.6
27 IA_80 Marta Garcia 4.0 3.7 4.1 3.4 4.2 2.6 4.5 3.0 4.3 2.9 3.8 4.0 3.2 4.1 3.6 4.3 3.5 4.4 3.1 2.8 4.2 3.9 3.0 4.6 2.7 4.0 3.7 2.9 4.1 3.4
28 IA_80 Juan Martinez 4.5 3.8 2.9 4.1 4.2 3.0 4.6 3.7 2.8 4.5 3.4 2.1 4.0 3.9 3.2 4.1 2.7 4.3 3.6 4.0 2.9 4.4 3.3 2.8 4.6 3.7 3.1 2.9 4.2 3.5
29 IA_80 Lucia Lopez 3.9 4.2 3.7 4.4 3.6 2.7 4.5 3.0 4.1 3.8 2.9 4.6 3.3 2.0 4.7 3.1 4.2 2.8 3.4 3.7 4.0 2.6 4.3 3.5 2.1 4.0 4.1 3.9 3.6 4.5
30 IA_80 Jose Gomez 3.1 4.4 2.8 3.7 4.9 1.5 3.3 4.2 3.5 2.1 4.6 3.8 2.9 3.7 4.3 3.0 4.1 2.8 3.6 4.5 4.3 2.2 4.7 3.3 2.0 4.1 4.0 3.9 4.2 3.1
31 PB_80 Elena Sanchez 4.0 3.3 4.1 2.8 4.6 3.7 4.9 3.2 4.1 2.9 3.8 4.0 3.2 4.3 3.6 4.7 3.5 4.4 3.1 2.7 4.2 3.8 3.0 4.5 2.6 4.0 3.7 2.9 4.1 3.3
32 PB_80 Pedro Ramirez 3.9 4.2 3.7 4.4 3.6 2.7 4.5 3.0 4.1 3.8 2.9 4.6 3.3 2.0 4.7 3.1 4.2 2.8 3.4 3.7 4.0 2.6 4.3 3.5 2.1 4.0 4.1 3.9 3.6 4.5
33 PB_80 Sofia Torres 4.5 3.8 2.9 4.1 4.2 3.0 4.6 3.7 2.8 4.5 3.4 2.1 4.0 3.9 3.2 4.1 2.7 4.3 3.6 4.0 2.9 4.4 3.3 2.8 4.6 3.7 3.1 2.9 4.2 3.5
34 PB_80 Carlos Diaz 3.2 4.5 3.9 2.7 4.4 3.6 2.8 4.1 3.3 2.0 4.7 3.5 3.1 4.2 3.8 4.0 2.9 4.3 3.7 2.6 4.0 3.4 2.1 4.6 3.2 3.9 4.1 2.8 4.5 3.6
35 PB_80 Marta Garcia 4.0 3.7 4.1 3.4 4.2 2.6 4.5 3.0 4.3 2.9 3.8 4.0 3.2 4.1 3.6 4.3 3.5 4.4 3.1 2.8 4.2 3.9 3.0 4.6 2.7 4.0 3.7 2.9 4.1 3.4
36 RC_81 Juan Martinez 4.5 3.8 2.9 4.1 4.2 3.0 4.6 3.7 2.8 4.5 3.4 2.1 4.0 3.9 3.2 4.1 2.7 4.3 3.6 4.0 2.9 4.4 3.3 2.8 4.6 3.7 3.1 2.9 4.2 3.5
37 RC_81 Lucia Lopez 3.9 4.2 3.7 4.4 3.6 2.7 4.5 3.0 4.1 3.8 2.9 4.6 3.3 2.0 4.7 3.1 4.2 2.8 3.4 3.7 4.0 2.6 4.3 3.5 2.1 4.0 4.1 3.9 3.6 4.5
38 RC_81 Jose Gomez 3.1 4.4 2.8 3.7 4.9 1.5 3.3 4.2 3.5 2.1 4.6 3.8 2.9 3.7 4.3 3.0 4.1 2.8 3.6 4.5 4.3 2.2 4.7 3.3 2.0 4.1 4.0 3.9 4.2 3.1
39 RC_81 Elena Sanchez 4.0 3.3 4.1 2.8 4.6 3.7 4.9 3.2 4.1 2.9 3.8 4.0 3.2 4.3 3.6 4.7 3.5 4.4 3.1 2.7 4.2 3.8 3.0 4.5 2.6 4.0 3.7 2.9 4.1 3.3
40 RC_81 Pedro Ramirez 3.9 4.2 3.7 4.4 3.6 2.7 4.5 3.0 4.1 3.8 2.9 4.6 3.3 2.0 4.7 3.1 4.2 2.8 3.4 3.7 4.0 2.6 4.3 3.5 2.1 4.0 4.1 3.9 3.6 4.5
41 SI_81 Sofia Torres 4.5 3.8 2.9 4.1 4.2 3.0 4.6 3.7 2.8 4.5 3.4 2.1 4.0 3.9 3.2 4.1 2.7 4.3 3.6 4.0 2.9 4.4 3.3 2.8 4.6 3.7 3.1 2.9 4.2 3.5
42 SI_81 Carlos Diaz 3.2 4.5 3.9 2.7 4.4 3.6 2.8 4.1 3.3 2.0 4.7 3.5 3.1 4.2 3.8 4.0 2.9 4.3 3.7 2.6 4.0 3.4 2.1 4.6 3.2 3.9 4.1 2.8 4.5 3.6
43 SI_81 Marta Garcia 4.0 3.7 4.1 3.4 4.2 2.6 4.5 3.0 4.3 2.9 3.8 4.0 3.2 4.1 3.6 4.3 3.5 4.4 3.1 2.8 4.2 3.9 3.0 4.6 2.7 4.0 3.7 2.9 4.1 3.4
44 SI_81 Juan Martinez 4.5 3.8 2.9 4.1 4.2 3.0 4.6 3.7 2.8 4.5 3.4 2.1 4.0 3.9 3.2 4.1 2.7 4.3 3.6 4.0 2.9 4.4 3.3 2.8 4.6 3.7 3.1 2.9 4.2 3.5
45 SI_81 Lucia Lopez 3.9 4.2 3.7 4.4 3.6 2.7 4.5 3.0 4.1 3.8 2.9 4.6 3.3 2.0 4.7 3.1 4.2 2.8 3.4 3.7 4.0 2.6 4.3 3.5 2.1 4.0 4.1 3.9 3.6 4.5
46 SO_82 Jose Gomez 3.1 4.4 2.8 3.7 4.9 1.5 3.3 4.2 3.5 2.1 4.6 3.8 2.9 3.7 4.3 3.0 4.1 2.8 3.6 4.5 4.3 2.2 4.7 3.3 2.0 4.1 4.0 3.9 4.2 3.1
47 SO_82 Elena Sanchez 4.0 3.3 4.1 2.8 4.6 3.7 4.9 3.2 4.1 2.9 3.8 4.0 3.2 4.3 3.6 4.7 3.5 4.4 3.1 2.7 4.2 3.8 3.0 4.5 2.6 4.0 3.7 2.9 4.1 3.3
48 SO_82 Pedro Ramirez 3.9 4.2 3.7 4.4 3.6 2.7 4.5 3.0 4.1 3.8 2.9 4.6 3.3 2.0 4.7 3.1 4.2 2.8 3.4 3.7 4.0 2.6 4.3 3.5 2.1 4.0 4.1 3.9 3.6 4.5
49 SO_82 Sofia Torres 4.5 3.8 2.9 4.1 4.2 3.0 4.6 3.7 2.8 4.5 3.4 2.1 4.0 3.9 3.2 4.1 2.7 4.3 3.6 4.0 2.9 4.4 3.3 2.8 4.6 3.7 3.1 2.9 4.2 3.5
50 SO_82 Carlos Diaz 3.2 4.5 3.9 2.7 4.4 3.6 2.8 4.1 3.3 2.0 4.7 3.5 3.1 4.2 3.8 4.0 2.9 4.3 3.7 2.6 4.0 3.4 2.1 4.6 3.2 3.9 4.1 2.8 4.5 3.6
charito HernandezChicharito Hernandez
